88.3
73.6
51.3
33.8
31.0
44.4
66.6
85.0
89.5
77.4
55.6
36.3
30.2
40.8
62.1
82.3
90.0
80.9
60.1
39.3
30.0
37.6
57.6
79.0
89.8
83.9
64.6
42.7
30.5
34.8
53.2
75.4
88.9
86.3
69.0
46.6
31.7
32.7
48.9
71.4
87.4
88.2
73.1
50.8
33.5
31.1
44.9
67.1
85.3
89.4
77.0
55.1
35.9
30.2
41.2
62.7
82.6
90.0
80.5
59.6
38.9
30.0
37.9
58.2
79.4
89.9
83.6
64.1
42.3
30.5
35.1
53.7
75.8
89.1
86.1
68.5
46.1
31.6
32.9
49.4
71.8
87.6
88.0
72.7
50.3
33.3
31.3
45.3
67.6
85.6
89.3
76.6
54.6
35.6
30.3
41.6
63.2
83.0
89.9
80.1
59.1
38.5
30.0
38.3
58.7
79.8
89.9
83.2
63.6
41.9
30.4
35.4
54.2
76.3
89.2
85.8
68.0
45.7
31.4
33.1
49.9
72.3
87.8
87.8
72.2
49.8
33.1
31.4
45.8
68.1
85.9
89.2
76.1
54.1
35.3
30.4
42.0
63.7
83.3
89.9
79.7
58.5
38.2
30.0
38.6
59.2
80.2
89.9
82.9
63.0
41.5
30.3
35.7
54.7
76.7
89.3
85.5
67.5
45.2
31.2
33.4
50.4
72.8
88.0
87.6
71.7
49.3
32.8
31.6
46.3
68.6
86.1
89.0
75.7
53.6
35.0
30.5
42.4
64.2
83.6
89.8
79.3
58.0
37.8
30.0
39.0
59.7
80.6
90.0
82.6
62.5
41.1
30.2
36.0
55.3
77.1
89.4
85.3
67.0
44.8
31.1
33.6
50.9
73.3
88.2
87.4
71.2
48.8
32.6
31.8
46.7
69.1
86.4
88.9
75.3
53.1
34.8
30.6
42.8
64.7
84.0
89.8
78.9
57.5
37.5